# wavelength[A]	flux[erg/s/cm2/A]	obs_em_lines[A]
1.002891e+04	3.302526e-20	2.046481e+04
1.008885e+04	4.052491e-21	2.087739e+04
1.014878e+04	2.651116e-20	2.107947e+04
1.020872e+04	3.647595e-20	nan
1.026866e+04	3.081226e-20	nan
1.032859e+04	2.458892e-20	nan
1.038853e+04	4.431914e-20	nan
1.044847e+04	3.977651e-20	nan
1.050840e+04	-8.879514e-22	nan
1.056834e+04	2.756148e-20	nan
1.062828e+04	1.327044e-20	nan
1.068821e+04	1.296104e-20	nan
1.074815e+04	1.265163e-20	nan
1.080809e+04	1.234222e-20	nan
1.086802e+04	1.203282e-20	nan
1.092796e+04	1.172341e-20	nan
1.098790e+04	-1.984524e-21	nan
1.104783e+04	8.221465e-21	nan
1.110777e+04	3.932405e-20	nan
1.116771e+04	4.032461e-20	nan
1.122764e+04	4.171833e-20	nan
1.128758e+04	4.172863e-20	nan
1.134752e+04	5.798634e-20	nan
1.140746e+04	3.793276e-20	nan
1.146739e+04	4.064222e-20	nan
1.152733e+04	3.696850e-20	nan
1.158727e+04	4.505376e-20	nan
1.164720e+04	5.883721e-20	nan
1.170714e+04	2.181784e-20	nan
1.176708e+04	4.132768e-20	nan
1.182701e+04	2.859144e-20	nan
1.188695e+04	4.524722e-20	nan
1.194689e+04	4.185387e-20	nan
1.200682e+04	5.202498e-20	nan
1.206676e+04	9.880979e-20	nan
1.212670e+04	7.801275e-20	nan
1.218663e+04	5.542157e-20	nan
1.224657e+04	6.892782e-20	nan
1.230651e+04	7.151980e-20	nan
1.236644e+04	9.498942e-20	nan
1.242638e+04	7.347651e-20	nan
1.248632e+04	4.393370e-20	nan
1.254625e+04	3.705888e-20	nan
1.260619e+04	3.229942e-20	nan
1.266613e+04	3.474851e-20	nan
1.272607e+04	5.438244e-20	nan
1.278600e+04	4.720395e-20	nan
1.284594e+04	3.570940e-20	nan
1.290588e+04	1.447826e-20	nan
1.296581e+04	4.906034e-20	nan
1.302575e+04	4.963124e-20	nan
1.308569e+04	4.817573e-20	nan
1.314562e+04	1.834663e-20	nan
1.320556e+04	-6.666758e-21	nan
1.326550e+04	-2.085274e-20	nan
1.332543e+04	2.513612e-20	nan
1.338537e+04	5.425388e-20	nan
1.344531e+04	4.164201e-20	nan
1.350524e+04	2.785124e-20	nan
1.356518e+04	8.096198e-21	nan
1.362512e+04	3.212947e-20	nan
1.368505e+04	3.443543e-20	nan
1.374499e+04	1.491581e-20	nan
1.380493e+04	-1.709747e-20	nan
1.386486e+04	2.202209e-20	nan
1.392480e+04	1.906552e-20	nan
1.398474e+04	3.445682e-20	nan
1.404468e+04	2.026768e-20	nan
1.410461e+04	1.445952e-20	nan
1.416455e+04	2.237841e-20	nan
1.422449e+04	6.773595e-21	nan
1.428442e+04	3.680941e-20	nan
1.434436e+04	2.581783e-20	nan
1.440430e+04	2.819586e-20	nan
1.446423e+04	2.536596e-20	nan
1.452417e+04	1.996372e-20	nan
1.458411e+04	1.332810e-20	nan
1.464404e+04	4.990673e-21	nan
1.470398e+04	-1.761570e-20	nan
1.476392e+04	3.131318e-20	nan
1.482385e+04	3.916472e-20	nan
1.488379e+04	4.518708e-20	nan
1.494373e+04	5.674873e-20	nan
1.500366e+04	1.317111e-20	nan
1.506360e+04	1.869357e-20	nan
1.512354e+04	4.104075e-20	nan
1.518347e+04	2.629925e-20	nan
1.524341e+04	4.520182e-20	nan
1.530335e+04	3.379593e-20	nan
1.536329e+04	2.353348e-20	nan
1.542322e+04	9.954390e-21	nan
1.548316e+04	1.372959e-20	nan
1.554310e+04	1.016090e-20	nan
1.560303e+04	6.166036e-21	nan
1.566297e+04	-1.118573e-20	nan
1.572291e+04	1.231590e-20	nan
1.578284e+04	-9.374155e-21	nan
1.584278e+04	-9.379825e-21	nan
1.590272e+04	-9.385495e-21	nan
1.596265e+04	-9.391165e-21	nan
1.602259e+04	-9.396835e-21	nan
1.608253e+04	-9.402506e-21	nan
1.614246e+04	-9.408176e-21	nan
1.620240e+04	-9.413846e-21	nan
1.626234e+04	-9.419516e-21	nan
1.632227e+04	-9.425186e-21	nan
1.638221e+04	-9.430856e-21	nan
1.644215e+04	-9.436526e-21	nan
1.650208e+04	-9.442197e-21	nan
1.656202e+04	-9.447867e-21	nan
1.662196e+04	-9.453537e-21	nan
1.668190e+04	-9.459207e-21	nan
1.674183e+04	-9.464877e-21	nan
1.680177e+04	-9.470547e-21	nan
1.686171e+04	-9.476217e-21	nan
1.692164e+04	-9.481888e-21	nan
1.698158e+04	-9.487558e-21	nan
1.704152e+04	-4.069963e-21	nan
1.710145e+04	9.896777e-21	nan
1.716139e+04	1.951625e-20	nan
1.722133e+04	2.790410e-20	nan
1.728126e+04	2.557031e-20	nan
1.734120e+04	2.286996e-20	nan
1.740114e+04	2.166590e-20	nan
1.746107e+04	1.355467e-20	nan
1.752101e+04	1.289823e-20	nan
1.758095e+04	1.568721e-20	nan
1.764088e+04	6.738235e-21	nan
1.770082e+04	1.293958e-20	nan
1.776076e+04	1.997600e-20	nan
1.782069e+04	2.002668e-20	nan
1.788063e+04	2.007735e-20	nan
1.794057e+04	2.012803e-20	nan
1.800050e+04	2.017870e-20	nan
1.806044e+04	2.022938e-20	nan
1.812038e+04	2.028005e-20	nan
1.818032e+04	2.033073e-20	nan
1.824025e+04	2.038140e-20	nan
1.830019e+04	2.043208e-20	nan
1.836013e+04	2.048276e-20	nan
1.842006e+04	2.209934e-20	nan
1.848000e+04	4.333398e-21	nan
1.853994e+04	-1.702286e-20	nan
1.859987e+04	-1.529722e-22	nan
1.865981e+04	2.590030e-20	nan
1.871975e+04	2.890739e-20	nan
1.877968e+04	1.717033e-20	nan
1.883962e+04	1.500828e-20	nan
1.889956e+04	1.226147e-20	nan
1.895949e+04	1.309213e-20	nan
1.901943e+04	4.750081e-21	nan
1.907937e+04	7.342085e-22	nan
1.913930e+04	1.294020e-20	nan
1.919924e+04	1.645142e-20	nan
1.925918e+04	1.008078e-20	nan
1.931911e+04	-7.985969e-22	nan
1.937905e+04	-5.605288e-21	nan
1.943899e+04	1.142339e-20	nan
1.949893e+04	1.020961e-20	nan
1.955886e+04	2.930729e-21	nan
1.961880e+04	1.212107e-20	nan
1.967874e+04	2.126286e-20	nan
1.973867e+04	2.012218e-20	nan
1.979861e+04	1.665043e-20	nan
1.985855e+04	1.765217e-20	nan
1.991848e+04	1.160959e-20	nan
1.997842e+04	8.597367e-21	nan
2.003836e+04	2.048595e-20	nan
2.009829e+04	2.055681e-20	nan
2.015823e+04	2.062627e-20	nan
2.021817e+04	2.155741e-20	nan
2.027810e+04	3.155037e-20	nan
2.033804e+04	4.255114e-20	nan
2.039798e+04	4.237871e-20	nan
2.045791e+04	5.776936e-20	nan
2.051785e+04	5.817945e-20	nan
2.057779e+04	2.975803e-20	nan
2.063772e+04	1.744599e-20	nan
2.069766e+04	2.451539e-20	nan
2.075760e+04	2.910012e-20	nan
2.081754e+04	4.919318e-20	nan
2.087747e+04	1.083815e-19	nan
2.093741e+04	8.547261e-20	nan
2.099735e+04	6.702197e-20	nan
2.105728e+04	2.713232e-19	nan
2.111722e+04	3.500319e-19	nan
2.117716e+04	1.061700e-19	nan
2.123709e+04	2.124407e-20	nan
2.129703e+04	1.528568e-20	nan
2.135697e+04	1.693293e-20	nan
2.141690e+04	1.951883e-20	nan
2.147684e+04	2.359755e-20	nan
2.153678e+04	2.502144e-20	nan
2.159671e+04	2.416845e-20	nan
2.165665e+04	2.235294e-20	nan
2.171659e+04	2.259587e-20	nan
2.177652e+04	2.109245e-20	nan
2.183646e+04	2.090047e-20	nan
2.189640e+04	2.101887e-20	nan
2.195633e+04	2.555541e-20	nan
